10973664
10973814
10975146
10978763
10982872
10984090
10987985
10989274
10990886
10990917
12557548
12600735
12602568
12644769
12644822
12735740
12735830
12784167
12785320
12834874
2837111
2849805
2853093
2854698
2854914
2985767
2987027
2989404
2990873
2995392
3937814
3939150
3942670
3955817
3962243
3962357
3964109
3966801
3967760
3969687
4862625
4913852
4914423
4914566
4915638
4917596
4932442
4939346
4989057
4991208
5951458
5956342
5956656
5959719
5959753
5965819
5966154
5966322
5972334
5980208
6937692
6941084
6948054
6949061
6949607
6960913
6962109
6962977
6964929
6975129
7907423
7917485
7918992
7935997
7939330
7950644
7951018
7955580
7977197
7978202
8934103
8947520
8950568
8950853
8956206
8959839
8962094
8972058
8973129
8978528
9962455
9963524
9964801
9965439
9965957
9967771
9973109
9992325
9995402
9995771