10297709
10297733
10297802
10297832
10297889
10297915
10298029
10298042
10298085
10298103
11135910
11135942
11135974
11135978
11135991
11136012
11136049
11136077
11136098
11136111
3648748
3648803
3648810
3648811
3648830
3648907
3648908
3648913
3648915
3648936
4570812
4570825
4570853
4570914
4570936
4571064
4571097
4571101
4571119
4571150
7353579
7353604
7353607
7353637
7353646
7353679
7353783
7353801
7353813
7353820
8075755
8075756
8075872
8075873
8075885
8075919
8075926
8075941
8075959
8075991
8444286
8444293
8444309
8444318
8444329
8444331
8444341
8444346
8444351
8444359
9080364
9080407
9080424
9080430
9080444
9080445
9080458
9080459
9080473
9080537
9652494
9652529
9652540
9652551
9652572
9652586
9652660
9652676
9652677
9652685
9996478
9996595
9996614
9996624
9996625
9996690
9996743
9996778
9996785
9996809